$ANSIBLE_VAULT;1.1;AES256
34643239373565643461326132333032383062633133636230346134343037356165663237656665
6533663066326362386232383632346432326264303832630a396437353463343635663434386535
31626631363139303664643339353434316538633031653739393633383063343338356234646632
3638656338303133360a663363626166656132393938356265353336316138306138653536303862
33386638613963646431323931313465623634616463636434383037363031663031343837343037
66656138666239363533356663613135376665333339343766356334656162356236306263636537
66353762313965643164366363633830656561313536616534303564303731323462633536646131
64616631343236313235303962613136396561383236643535306361323462333162346430323835
36366439643632623963303063653538383364353435316562626135626165303766376362613038
35376562313838363063626232353764623664363835623966323263353434373638376435323662
65336437636331313562356362346664646262313732373864313133393762633531376535386230
30623466636337313739313232636662393936316261323839623530656631383337313531633439
65353638343161353835383338333835643038623838366330393532623330363630363630363536
3531613364376136623339393462636239616466623664303830
