$ANSIBLE_VAULT;1.2;AES256;prod
38666265666531383730633463383030623233633661343237333465373931383237653430333530
3839376331646433383938646331663034653239376633320a333330636132646336636364313634
34633864323263353932663633326534623236396432633166353063333439363233336565386465
6362333064393336650a653563393434663832626338343535386163323062346432323163386266
64613965643539366633646665336430623833373662373735666663663964326261386238646334
61313637326234663137343765636264616135653362386163663632656639353162653465613765
61626438333764666535346632353238363136346566626337653463346232353739623262353936
62663363643633376431353834336130323732396533653161373466343134623561646237346238
37616535653237636434623465343232353839653064666632303135343933666637623332363536
61333533323561386637663733623266643239336137383237323137343535666638343064323561
35306166333563376438393361613663306234613338633433643636653238303836326634373966
61336264656539346231346632626535336238316437363137303437343263326632323439316363
61356639333535616631396566633364373961626130393839306363626136323034363165326662
65306331626165373336323031306665366134373630316534643935656339356531356137326461
61656532653265396564366134616266623764366331656165636439653262373735643436353938
35663137343236616264326439313661653233346631666138646165366636656265373831373862
39656530336532366433643365383161333639643738656264653261396361393137333931343438
34633739623736366630323435336265666163653365633165343934643638383165333038383331
30373830343437303636666135616537356332353931323837656464313262343563356330646139
31373864303865373137646261643430343662343236306163343864346562313836396636393034
35656339313964643565363534343963633262666132323639613031643139306665616361306365
30393162353161326533663130373665353566386366343836303063356362643839653766346539
32663463316165326566333865393362643936633737363439393430633739383930363238303030
35613661373833653032303762323930333538393438326132616536303137643235363563346336
63326531303433356430666233363539376164646161623665386263313038323066633762306630
34616430656230383964646330643831383731343538353334333135336336343537386366303736
34623465346236643166656137646563313736326331303430663166383030376231636435356262
66303932386262636363303062383063613662383033636265313530343863373430323838626637
64353564356133666236343138363266366261323334663434653364633537353132343537356566
34613163363336303433356361396266616465336564613138626238323262626463333265653165
32376363353334656433636138636230616265326434633632343630663338383832663366396639
63383834663932336139613834323139336135383765356563633430313061643664356530323030
63626464376335333162633337326638646561313766346130653534363035363633303331386632
34663130383765356264383137623730363538613531313232656338346637326463303137656135
30653135306233323437623738353831633336343964316531326463383033616235613930646166
36636161336639663739343464633162626138666330343239646633633130376231326638373361
39633561373431646562373138353432656331393164636361663234336366356666643639373465
32613234313231393635643862366366646534376132366530323831393938316364643362633830
38396566393465343162386465333262303461663636376535323332663163653433343766613230
30376164313930373937336333363562303633363737643365663966646330396562613162303530
32306463356561656464323966666262386335303565653639633133393631323037643637373134
39303635623735626339353035353162663830373962326339656136333762343934306136353632
33303661336234643438643631343634336237666535656361623766363137623433366465306162
64386366333635656666343466393962383338616535353166633965323532346235303363376234
39373036393439323930623233616137623362656262343563376166333730623863633335343264
32326635663862633464346635376261363730373430326132313364393732663438393963303363
34623866373932666238366562383831313339656330366465326261363963653430316437646339
30643332643065363465623636346433313663663566653137333135333565643734623066656332
31623032646163336335643966323865376563366263663165316663333633336561616561633039
65353738306230386233353431313366623133623964653561626533316436643162366537326636
61353762653137373839313163626231333333343436396166336366663433646637643730313138
33613937316633303165383365313832383633323238336261316539396663353839666664653133
31613563326436653131333262393461393539363930316638323464623439333632636462346430
62346335623062386237656136363465323538623636633064333334373262303934356631333134
32353937383531663461623361303737353134343433666438623035666535343435323666646163
31643935333962613635346131363738346265326631393264336437366639316261613163646432
34373362396361316235663037646239626239663033646665623261353735343561343533643163
31656535326631363363326231326261343133323365346331386333666163623733633531643063
63376465656666656332653664366665353334316166316637613733393566333037343830376366
61363132623664306333393935386338383535356561656338353330303632303737303736323134
62633434653737363935643732623230656433393033393166356561343830656130343634313431
39396637373730353634623362343831373139383965376134616138303032343965393161366266
38333761356465356539653034316566383230386633666633613235313932623761633262333534
32323464656638356363643036373636316133663765636236393666626638303362643662656261
66356138653738656239323734653538323436343361303936323838653734303533313639366361
64643961316566663638306637386364623234303835366365366136386565333365623939333464
61323035333339383963356437383634653934626161633030363336316130333662646238356665
37346638653838333866313831353838303263393332316563306564653965326662333838616634
62303463643866623437393364323135323666656132363034383064666236376566623334666630
33313739313631653132316237663330306333333831663532323939643263626561386165383133
39393730396166356133633530306166396461613631363239343639336463303934643764353666
38373463616131313264306438363738366437653462323865366166613762323962313735656465
61306539323264613534663463613763333865656663616236353165336639633933363136663766
66353234343432623432656438653865363637653933636565623139623931313334333562396536
39653263303730346530626163323265346262643234643837326566643333623833353138323131
39633036643339353337666461326135663266343535333133323064353537316535373634653565
3234
